#' List of palettes
#' @param palette Character name of palette. Either
#'   `r paste(names(gameR_colors), sep="", collapse=", ")`
gameR_colors <- list(blocks =c("#00edef", "#0000ec", "#f19f00", "#f0f100", "#00ee00", "#9f00f0", "#ed0000"),
                     cowboy = c("#cf0512", "#000000", "#ffab00"),
                     cups = c("#df4418", "#63a0bf", "#ffcf10", "#a6da38", "#7b6aa1"),
                     cyberpunk = c("#faf22b", "#49aeec", "#ff193b", "#000000"),
                     fallout = c("#0068b1", "#fff874", "#27f286"),
                     gris = c("#256484", "#e493a3", "#efa225", "#4a938e"),
                     ocarina = c("#02940a", "#4f4499","#e2e844", "#e94117"),
                     p4g = c("#ffe52c", "#7fe6ef", "#faa622", "#c4d70c", "#c22303"),
                     rayman = c("#945682", "#fcb24c", "#be3b45"),
                     spirit = c("#8fe7fa", "#b41d1f", "#55964b", "#e9bf4c"),
                     splat = c("#F02D7D", "#19D719", "#fffa2f", "#0132fa"),
                     superbros = c("#e3281f", "#3aa534", "#ff5885", "#fbc926", "#511e9d"),
                     wow = c( "#002b5d", "#c6940f", "#9d0004", "#1c1c1c")
                     )
